D:\浏览器下载\sagittaria_v1_voc/VOC2007/JPEGImages/0c685758-0-1.rf.1cd0a2175c6163524cf05fa00440efa2.jpg 1220,1110,1357,1185,0 1285,1119,1321,1156,1 1459,946,1612,1163,0 1283,1109,1404,1234,0 1231,1042,1342,1112,0
D:\浏览器下载\sagittaria_v1_voc/VOC2007/JPEGImages/0c685758-0-1.rf.efcf818358356c565139f7e01bf3605f.jpg 1220,1110,1357,1185,0 1285,1119,1321,1156,1 1459,946,1612,1163,0 1283,1109,1404,1234,0 1231,1042,1342,1112,0
D:\浏览器下载\sagittaria_v1_voc/VOC2007/JPEGImages/0c685758-0-1_jpg.rf.0cd9c1b81f5c2474cfa199b7fcf21b4b.jpg 1220,1110,1357,1185,0 1285,1119,1321,1156,1 1459,946,1612,1163,0 1283,1109,1404,1234,0 1231,1042,1342,1112,0
D:\浏览器下载\sagittaria_v1_voc/VOC2007/JPEGImages/0c685758-0-1_jpg.rf.a6caa029486e8e094b66222e0fb3a8c7.jpg 1220,1110,1357,1185,0 1285,1119,1321,1156,1 1459,946,1612,1163,0 1283,1109,1404,1234,0 1231,1042,1342,1112,0
D:\浏览器下载\sagittaria_v1_voc/VOC2007/JPEGImages/0c685758-0-1_jpg.rf.f85f17695178073c25b6e7f1d5c40262.jpg 1220,1110,1357,1185,0 1285,1119,1321,1156,1 1459,946,1612,1163,0 1283,1109,1404,1234,0 1231,1042,1342,1112,0
D:\浏览器下载\sagittaria_v1_voc/VOC2007/JPEGImages/0c685758-1-2.rf.0e09ccbc3afe9c3a45cebc38eb9d41fa.jpg 659,1589,687,1625,1 1376,1323,1472,1492,0
D:\浏览器下载\sagittaria_v1_voc/VOC2007/JPEGImages/0c685758-1-2.rf.1d275a0085d51e460ab97b208eb96474.jpg 659,1589,687,1625,1 1376,1323,1472,1492,0
D:\浏览器下载\sagittaria_v1_voc/VOC2007/JPEGImages/0c685758-1-2.rf.edec3ec7e286b70c1fc7ed0bdb90b13c.jpg 659,1589,687,1625,1 1376,1323,1472,1492,0
D:\浏览器下载\sagittaria_v1_voc/VOC2007/JPEGImages/0c685758-1-2_jpg.rf.107831f4c323476d81c08ce411902a68.jpg 659,1589,687,1625,1 1376,1323,1472,1492,0
D:\浏览器下载\sagittaria_v1_voc/VOC2007/JPEGImages/0c685758-1-2_jpg.rf.38182ccaeddee8174cab702019e2f747.jpg 659,1589,687,1625,1 1376,1323,1472,1492,0
D:\浏览器下载\sagittaria_v1_voc/VOC2007/JPEGImages/0c685758-1-2_jpg.rf.b9074441e19710d5f62b0b7cb403a5fc.jpg 659,1589,687,1625,1 1376,1323,1472,1492,0
D:\浏览器下载\sagittaria_v1_voc/VOC2007/JPEGImages/130c7813-0-2.rf.327945e7ef7aab505fd1a0c82fc95744.jpg 111,306,186,435,0 48,387,73,410,1 51,409,77,440,1
D:\浏览器下载\sagittaria_v1_voc/VOC2007/JPEGImages/130c7813-0-2.rf.b06eb31628b8d3b07d399120980dff74.jpg 111,306,186,435,0 48,387,73,410,1 51,409,77,440,1
D:\浏览器下载\sagittaria_v1_voc/VOC2007/JPEGImages/130c7813-0-2.rf.c0cd80bcf4b416a618829f3fe4127545.jpg 111,306,186,435,0 48,387,73,410,1 51,409,77,440,1
D:\浏览器下载\sagittaria_v1_voc/VOC2007/JPEGImages/130c7813-0-2_jpg.rf.01826c0ce50da54895f4c277c6e764cf.jpg 111,306,186,435,0 48,387,73,410,1 51,409,77,440,1
D:\浏览器下载\sagittaria_v1_voc/VOC2007/JPEGImages/130c7813-0-2_jpg.rf.2b5afe712d48330c985208cbb0500ca2.jpg 111,306,186,435,0 48,387,73,410,1 51,409,77,440,1
D:\浏览器下载\sagittaria_v1_voc/VOC2007/JPEGImages/130c7813-1-2.rf.6641cb2a503815715e7dcf391903f288.jpg 5,1355,212,1496,0 83,1136,372,1283,0 172,1361,221,1407,1 217,1481,245,1512,1 157,1253,196,1293,1 105,1682,236,1786,0 88,1647,114,1675,1
D:\浏览器下载\sagittaria_v1_voc/VOC2007/JPEGImages/130c7813-1-2.rf.c0b17dccaa7c145b2a45868cc16ca4b8.jpg 5,1355,212,1496,0 83,1136,372,1283,0 172,1361,221,1407,1 217,1481,245,1512,1 157,1253,196,1293,1 105,1682,236,1786,0 88,1647,114,1675,1
D:\浏览器下载\sagittaria_v1_voc/VOC2007/JPEGImages/130c7813-1-2_jpg.rf.8dd718c8e9d166ba7c8a90acf39c545d.jpg 5,1355,212,1496,0 83,1136,372,1283,0 172,1361,221,1407,1 217,1481,245,1512,1 157,1253,196,1293,1 105,1682,236,1786,0 88,1647,114,1675,1
D:\浏览器下载\sagittaria_v1_voc/VOC2007/JPEGImages/20022842-0-0.rf.08f36472bfa4794281f6668d6ad64e9d.jpg 1119,1566,1229,1669,0 928,1750,1143,1823,0 1550,1648,1752,1757,0 1440,1461,1535,1608,0 1417,1519,1605,1700,0 1679,1560,1819,1691,0 1136,1739,1228,1801,0 1182,1581,1213,1616,1 1201,1555,1237,1613,0
D:\浏览器下载\sagittaria_v1_voc/VOC2007/JPEGImages/20022842-0-0.rf.9b8329f5723eb98faf238123b41d5006.jpg 1119,1566,1229,1669,0 928,1750,1143,1823,0 1550,1648,1752,1757,0 1440,1461,1535,1608,0 1417,1519,1605,1700,0 1679,1560,1819,1691,0 1136,1739,1228,1801,0 1182,1581,1213,1616,1 1201,1555,1237,1613,0
D:\浏览器下载\sagittaria_v1_voc/VOC2007/JPEGImages/20022842-0-0.rf.c3c6131fd12d9f1ecf19a7af4f0e031e.jpg 1119,1566,1229,1669,0 928,1750,1143,1823,0 1550,1648,1752,1757,0 1440,1461,1535,1608,0 1417,1519,1605,1700,0 1679,1560,1819,1691,0 1136,1739,1228,1801,0 1182,1581,1213,1616,1 1201,1555,1237,1613,0
D:\浏览器下载\sagittaria_v1_voc/VOC2007/JPEGImages/2ecdc5a8-0-0.rf.412348ac7ae3b725ae137999bb6652c9.jpg 610,236,693,457,0 538,184,835,286,0 361,248,699,343,0 5,180,348,368,0 39,115,214,204,0 184,160,260,265,0 627,400,661,430,1 614,362,648,395,1 808,218,835,257,1 802,187,839,224,1 812,515,842,545,1 104,317,147,363,1 1153,1561,1197,1618,0
D:\浏览器下载\sagittaria_v1_voc/VOC2007/JPEGImages/2ecdc5a8-0-0.rf.4f043c82534e7d0c4c6157ac1b93e9c0.jpg 610,236,693,457,0 538,184,835,286,0 361,248,699,343,0 5,180,348,368,0 39,115,214,204,0 184,160,260,265,0 627,400,661,430,1 614,362,648,395,1 808,218,835,257,1 802,187,839,224,1 812,515,842,545,1 104,317,147,363,1 1153,1561,1197,1618,0
D:\浏览器下载\sagittaria_v1_voc/VOC2007/JPEGImages/2ecdc5a8-0-0.rf.8ba162777fc0b4dd8ab22ba2ee801c30.jpg 610,236,693,457,0 538,184,835,286,0 361,248,699,343,0 5,180,348,368,0 39,115,214,204,0 184,160,260,265,0 627,400,661,430,1 614,362,648,395,1 808,218,835,257,1 802,187,839,224,1 812,515,842,545,1 104,317,147,363,1 1153,1561,1197,1618,0
D:\浏览器下载\sagittaria_v1_voc/VOC2007/JPEGImages/2ecdc5a8-0-0_jpg.rf.26c368ecab00b87c5e8272fd05d364ab.jpg 610,236,693,457,0 538,184,835,286,0 361,248,699,343,0 5,180,348,368,0 39,115,214,204,0 184,160,260,265,0 627,400,661,430,1 614,362,648,395,1 808,218,835,257,1 802,187,839,224,1 812,515,842,545,1 104,317,147,363,1 1153,1561,1197,1618,0
D:\浏览器下载\sagittaria_v1_voc/VOC2007/JPEGImages/2ecdc5a8-0-0_jpg.rf.2f18aec5da93b327f35f7ac3feeeb874.jpg 610,236,693,457,0 538,184,835,286,0 361,248,699,343,0 5,180,348,368,0 39,115,214,204,0 184,160,260,265,0 627,400,661,430,1 614,362,648,395,1 808,218,835,257,1 802,187,839,224,1 812,515,842,545,1 104,317,147,363,1 1153,1561,1197,1618,0
D:\浏览器下载\sagittaria_v1_voc/VOC2007/JPEGImages/2ecdc5a8-0-0_jpg.rf.f3e706a7d08cb25a58b104f93a7ecbd8.jpg 610,236,693,457,0 538,184,835,286,0 361,248,699,343,0 5,180,348,368,0 39,115,214,204,0 184,160,260,265,0 627,400,661,430,1 614,362,648,395,1 808,218,835,257,1 802,187,839,224,1 812,515,842,545,1 104,317,147,363,1 1153,1561,1197,1618,0
D:\浏览器下载\sagittaria_v1_voc/VOC2007/JPEGImages/32ea4153-0-0.rf.6e10f6d17a9794c13a3cc9958c50a2d3.jpg 628,484,733,655,0 512,5,681,79,0 9,1648,160,1693,0 625,535,664,576,1 514,38,561,71,1 440,63,476,106,1 467,93,512,128,1
D:\浏览器下载\sagittaria_v1_voc/VOC2007/JPEGImages/32ea4153-0-0.rf.c84b160d9642e32434801278a48dab84.jpg 628,484,733,655,0 512,5,681,79,0 9,1648,160,1693,0 625,535,664,576,1 514,38,561,71,1 440,63,476,106,1 467,93,512,128,1
D:\浏览器下载\sagittaria_v1_voc/VOC2007/JPEGImages/32ea4153-0-0.rf.f9410402d6e2e9eeb058aab683ed09cb.jpg 628,484,733,655,0 512,5,681,79,0 9,1648,160,1693,0 625,535,664,576,1 514,38,561,71,1 440,63,476,106,1 467,93,512,128,1
D:\浏览器下载\sagittaria_v1_voc/VOC2007/JPEGImages/32ea4153-0-0_jpg.rf.dee7f91fe2fdfb6d3a44a56c2820030a.jpg 628,484,733,655,0 512,5,681,79,0 9,1648,160,1693,0 625,535,664,576,1 514,38,561,71,1 440,63,476,106,1 467,93,512,128,1
D:\浏览器下载\sagittaria_v1_voc/VOC2007/JPEGImages/32ea4153-0-1.rf.ac1e796a4e05d84a60d444b81dd053aa.jpg 857,51,1016,283,0 398,63,498,267,0 854,356,877,387,1 867,381,894,405,1 860,404,895,429,1 655,241,730,391,0
D:\浏览器下载\sagittaria_v1_voc/VOC2007/JPEGImages/32ea4153-0-1.rf.f07c3d6083b2fe738c650a13c180297f.jpg 857,51,1016,283,0 398,63,498,267,0 854,356,877,387,1 867,381,894,405,1 860,404,895,429,1 655,241,730,391,0
D:\浏览器下载\sagittaria_v1_voc/VOC2007/JPEGImages/32ea4153-0-1_jpg.rf.6153cf482367c5356fc3077935bc21d4.jpg 857,51,1016,283,0 398,63,498,267,0 854,356,877,387,1 867,381,894,405,1 860,404,895,429,1 655,241,730,391,0
D:\浏览器下载\sagittaria_v1_voc/VOC2007/JPEGImages/32ea4153-0-1_jpg.rf.dc3c026b2c6a7824f9ace9129eb19e9e.jpg 857,51,1016,283,0 398,63,498,267,0 854,356,877,387,1 867,381,894,405,1 860,404,895,429,1 655,241,730,391,0
D:\浏览器下载\sagittaria_v1_voc/VOC2007/JPEGImages/3525f9af-1-2.rf.76eee7ea6a162f05a0d8a8a2afb037fb.jpg 1411,285,1480,468,0 1120,556,1350,747,0 1118,595,1305,755,0 1174,360,1200,385,1
D:\浏览器下载\sagittaria_v1_voc/VOC2007/JPEGImages/3525f9af-1-2.rf.d59f70d4c7506b3dd0dd0150c0570250.jpg 1411,285,1480,468,0 1120,556,1350,747,0 1118,595,1305,755,0 1174,360,1200,385,1
D:\浏览器下载\sagittaria_v1_voc/VOC2007/JPEGImages/3525f9af-1-2_jpg.rf.7439005e5cb43106f3791b70bb1228bc.jpg 1411,285,1480,468,0 1120,556,1350,747,0 1118,595,1305,755,0 1174,360,1200,385,1
D:\浏览器下载\sagittaria_v1_voc/VOC2007/JPEGImages/60d3c5a2-1-0.rf.03791e2584bc531752d089729d77f9d5.jpg 1621,1600,1737,1821,0 1724,1186,1754,1231,1 1713,1166,1741,1197,1
D:\浏览器下载\sagittaria_v1_voc/VOC2007/JPEGImages/60d3c5a2-1-0.rf.5e4bdbe97586d5e779f76527cf226909.jpg 1621,1600,1737,1821,0 1724,1186,1754,1231,1 1713,1166,1741,1197,1
D:\浏览器下载\sagittaria_v1_voc/VOC2007/JPEGImages/60d3c5a2-1-0.rf.5ee3690b42177ec23356677e5775e50a.jpg 1621,1600,1737,1821,0 1724,1186,1754,1231,1 1713,1166,1741,1197,1
D:\浏览器下载\sagittaria_v1_voc/VOC2007/JPEGImages/60d3c5a2-1-0_jpg.rf.43f6ca730a92d1325be88ef0d392bbcd.jpg 1621,1600,1737,1821,0 1724,1186,1754,1231,1 1713,1166,1741,1197,1
D:\浏览器下载\sagittaria_v1_voc/VOC2007/JPEGImages/60d3c5a2-1-0_jpg.rf.9638dc2d95f6704f8523d940d771acca.jpg 1621,1600,1737,1821,0 1724,1186,1754,1231,1 1713,1166,1741,1197,1
D:\浏览器下载\sagittaria_v1_voc/VOC2007/JPEGImages/60d3c5a2-1-0_jpg.rf.969c8126790a21bcdfe5d1001d761e89.jpg 1621,1600,1737,1821,0 1724,1186,1754,1231,1 1713,1166,1741,1197,1
D:\浏览器下载\sagittaria_v1_voc/VOC2007/JPEGImages/60d3c5a2-1-1.rf.5fae03f03a55d06a9ba719bad5e48136.jpg 314,249,403,402,0 1,918,100,977,0 309,306,359,334,1
D:\浏览器下载\sagittaria_v1_voc/VOC2007/JPEGImages/60d3c5a2-1-1.rf.913f61047bc82448967a31c4bfeb5565.jpg 314,249,403,402,0 1,918,100,977,0 309,306,359,334,1
D:\浏览器下载\sagittaria_v1_voc/VOC2007/JPEGImages/60d3c5a2-1-1_jpg.rf.04434e9117fa9e3b326ec87313b70b09.jpg 314,249,403,402,0 1,918,100,977,0 309,306,359,334,1
D:\浏览器下载\sagittaria_v1_voc/VOC2007/JPEGImages/60d3c5a2-1-1_jpg.rf.8285e4d3ba3722a42b47c80473251e1b.jpg 314,249,403,402,0 1,918,100,977,0 309,306,359,334,1
D:\浏览器下载\sagittaria_v1_voc/VOC2007/JPEGImages/60d3c5a2-1-1_jpg.rf.f7473a5d705cc0a9c396a91e32a6493c.jpg 314,249,403,402,0 1,918,100,977,0 309,306,359,334,1
D:\浏览器下载\sagittaria_v1_voc/VOC2007/JPEGImages/6649b293-1-0.rf.4d98c03584bcb7926e9d0dff21a8a898.jpg 1339,1052,1558,1230,0 1521,1048,1622,1183,0 1417,1078,1443,1103,1 1403,1057,1429,1089,1
D:\浏览器下载\sagittaria_v1_voc/VOC2007/JPEGImages/6649b293-1-0.rf.8ef34e7f1175f435a28dda55972cff9e.jpg 1339,1052,1558,1230,0 1521,1048,1622,1183,0 1417,1078,1443,1103,1 1403,1057,1429,1089,1
D:\浏览器下载\sagittaria_v1_voc/VOC2007/JPEGImages/6649b293-1-0_jpg.rf.726de5bcb0f5ad862c661982db5015b4.jpg 1339,1052,1558,1230,0 1521,1048,1622,1183,0 1417,1078,1443,1103,1 1403,1057,1429,1089,1
D:\浏览器下载\sagittaria_v1_voc/VOC2007/JPEGImages/6649b293-1-1.rf.0d44a727e8aec9ae1d8f11ecdef326be.jpg 200,670,351,828,0 318,576,427,700,0 232,86,331,237,0 224,28,362,148,0 384,1042,535,1107,0 184,1286,395,1420,0 212,1222,368,1332,0 1102,463,1261,650,0
D:\浏览器下载\sagittaria_v1_voc/VOC2007/JPEGImages/6649b293-1-1.rf.60511ec3f0efdf5337a9a79cbfe02733.jpg 200,670,351,828,0 318,576,427,700,0 232,86,331,237,0 224,28,362,148,0 384,1042,535,1107,0 184,1286,395,1420,0 212,1222,368,1332,0 1102,463,1261,650,0
D:\浏览器下载\sagittaria_v1_voc/VOC2007/JPEGImages/6649b293-1-1_jpg.rf.a27624c964593ffb640c5ba951d6e227.jpg 200,670,351,828,0 318,576,427,700,0 232,86,331,237,0 224,28,362,148,0 384,1042,535,1107,0 184,1286,395,1420,0 212,1222,368,1332,0 1102,463,1261,650,0
D:\浏览器下载\sagittaria_v1_voc/VOC2007/JPEGImages/6649b293-1-1_jpg.rf.ce687965f255de48df5549c2f555e7c2.jpg 200,670,351,828,0 318,576,427,700,0 232,86,331,237,0 224,28,362,148,0 384,1042,535,1107,0 184,1286,395,1420,0 212,1222,368,1332,0 1102,463,1261,650,0
D:\浏览器下载\sagittaria_v1_voc/VOC2007/JPEGImages/6649b293-1-1_jpg.rf.f16b602bc838abe2a9fee3b29292cbf7.jpg 200,670,351,828,0 318,576,427,700,0 232,86,331,237,0 224,28,362,148,0 384,1042,535,1107,0 184,1286,395,1420,0 212,1222,368,1332,0 1102,463,1261,650,0
D:\浏览器下载\sagittaria_v1_voc/VOC2007/JPEGImages/6998e52b-0-1.rf.437a670554afda114586d4c5f0e2fffe.jpg 386,549,467,724,0 404,658,431,683,1 418,647,443,664,1
D:\浏览器下载\sagittaria_v1_voc/VOC2007/JPEGImages/6998e52b-0-1.rf.70f493e288e9eefd880ab046f915312d.jpg 386,549,467,724,0 404,658,431,683,1 418,647,443,664,1
D:\浏览器下载\sagittaria_v1_voc/VOC2007/JPEGImages/6998e52b-0-1.rf.8af8b1336c799da84f03147c46c9d819.jpg 386,549,467,724,0 404,658,431,683,1 418,647,443,664,1
D:\浏览器下载\sagittaria_v1_voc/VOC2007/JPEGImages/6998e52b-0-1_jpg.rf.09ae624cdfd418d1799fa42ac1d52aab.jpg 386,549,467,724,0 404,658,431,683,1 418,647,443,664,1
D:\浏览器下载\sagittaria_v1_voc/VOC2007/JPEGImages/6998e52b-0-1_jpg.rf.f9ca5ce2f42335dc3ed86f76da725ebc.jpg 386,549,467,724,0 404,658,431,683,1 418,647,443,664,1
D:\浏览器下载\sagittaria_v1_voc/VOC2007/JPEGImages/6998e52b-1-1.rf.71c6c4d07de7f584c0e98ee8f0833a1d.jpg 1369,762,1492,835,0 692,273,832,449,0 844,369,966,407,0 621,10,866,205,0 381,716,552,789,0 385,802,542,936,0 1453,756,1486,795,1 629,255,654,287,1 635,287,669,308,1 709,222,739,250,1 724,245,755,265,1 692,126,758,184,1 769,112,803,143,1 398,720,443,743,1
D:\浏览器下载\sagittaria_v1_voc/VOC2007/JPEGImages/6998e52b-1-1_jpg.rf.46278b351fa8de980d5a4735034c64f5.jpg 1369,762,1492,835,0 692,273,832,449,0 844,369,966,407,0 621,10,866,205,0 381,716,552,789,0 385,802,542,936,0 1453,756,1486,795,1 629,255,654,287,1 635,287,669,308,1 709,222,739,250,1 724,245,755,265,1 692,126,758,184,1 769,112,803,143,1 398,720,443,743,1
D:\浏览器下载\sagittaria_v1_voc/VOC2007/JPEGImages/6998e52b-1-2.rf.5544d9463b448e0bf07c8c810fef8f4c.jpg 223,1533,271,1582,1
D:\浏览器下载\sagittaria_v1_voc/VOC2007/JPEGImages/6998e52b-1-2_jpg.rf.49784e73653375820dea37c1e4abdd67.jpg 223,1533,271,1582,1
D:\浏览器下载\sagittaria_v1_voc/VOC2007/JPEGImages/6998e52b-1-2_jpg.rf.5cf08147d95aa599f51070da2e7652dc.jpg 223,1533,271,1582,1
D:\浏览器下载\sagittaria_v1_voc/VOC2007/JPEGImages/732a3be3-1-2.rf.67b51bd25ae3f3904457c3ce47aef07e.jpg 809,541,991,725,0 581,931,721,1034,0 217,902,336,1048,0 327,958,413,1115,0 242,923,381,1138,0 1489,1001,1597,1092,0 855,565,877,588,1 828,548,853,570,1 789,1032,818,1062,1 820,1050,844,1082,1 640,1214,807,1374,0 192,1730,269,1823,0
D:\浏览器下载\sagittaria_v1_voc/VOC2007/JPEGImages/732a3be3-1-2.rf.92855eed45a8461210bd0b89b4f9f366.jpg 809,541,991,725,0 581,931,721,1034,0 217,902,336,1048,0 327,958,413,1115,0 242,923,381,1138,0 1489,1001,1597,1092,0 855,565,877,588,1 828,548,853,570,1 789,1032,818,1062,1 820,1050,844,1082,1 640,1214,807,1374,0 192,1730,269,1823,0
D:\浏览器下载\sagittaria_v1_voc/VOC2007/JPEGImages/732a3be3-1-2.rf.d4401604b3e295a4b093f15c0c4fbc02.jpg 809,541,991,725,0 581,931,721,1034,0 217,902,336,1048,0 327,958,413,1115,0 242,923,381,1138,0 1489,1001,1597,1092,0 855,565,877,588,1 828,548,853,570,1 789,1032,818,1062,1 820,1050,844,1082,1 640,1214,807,1374,0 192,1730,269,1823,0
D:\浏览器下载\sagittaria_v1_voc/VOC2007/JPEGImages/732a3be3-1-2_jpg.rf.536514a8b41eba9e994fb1667377a67f.jpg 809,541,991,725,0 581,931,721,1034,0 217,902,336,1048,0 327,958,413,1115,0 242,923,381,1138,0 1489,1001,1597,1092,0 855,565,877,588,1 828,548,853,570,1 789,1032,818,1062,1 820,1050,844,1082,1 640,1214,807,1374,0 192,1730,269,1823,0
D:\浏览器下载\sagittaria_v1_voc/VOC2007/JPEGImages/81c8933f-1-0.rf.15f9c3e5eca996e4c63f899c49523758.jpg 1394,566,1620,668,0 1213,604,1498,708,0 1407,604,1503,819,0 879,440,1080,571,0 454,1140,497,1186,1 936,502,983,545,1 1578,566,1608,617,1 1520,730,1546,753,1 1415,758,1443,790,1 1412,785,1443,821,1 1561,621,1625,825,0 1395,472,1623,542,0 1144,1702,1307,1777,0 1274,1675,1328,1791,0 1098,1558,1232,1634,0
D:\浏览器下载\sagittaria_v1_voc/VOC2007/JPEGImages/81c8933f-1-0_jpg.rf.23040e516f97928e76da7bd7cc75b434.jpg 1394,566,1620,668,0 1213,604,1498,708,0 1407,604,1503,819,0 879,440,1080,571,0 454,1140,497,1186,1 936,502,983,545,1 1578,566,1608,617,1 1520,730,1546,753,1 1415,758,1443,790,1 1412,785,1443,821,1 1561,621,1625,825,0 1395,472,1623,542,0 1144,1702,1307,1777,0 1274,1675,1328,1791,0 1098,1558,1232,1634,0
D:\浏览器下载\sagittaria_v1_voc/VOC2007/JPEGImages/81c8933f-1-0_jpg.rf.4c3f329a6ae352b2ac63b936108b49e5.jpg 1394,566,1620,668,0 1213,604,1498,708,0 1407,604,1503,819,0 879,440,1080,571,0 454,1140,497,1186,1 936,502,983,545,1 1578,566,1608,617,1 1520,730,1546,753,1 1415,758,1443,790,1 1412,785,1443,821,1 1561,621,1625,825,0 1395,472,1623,542,0 1144,1702,1307,1777,0 1274,1675,1328,1791,0 1098,1558,1232,1634,0
D:\浏览器下载\sagittaria_v1_voc/VOC2007/JPEGImages/81c8933f-1-0_jpg.rf.a0be22e5ee76a942399dfd6f4a74134d.jpg 1394,566,1620,668,0 1213,604,1498,708,0 1407,604,1503,819,0 879,440,1080,571,0 454,1140,497,1186,1 936,502,983,545,1 1578,566,1608,617,1 1520,730,1546,753,1 1415,758,1443,790,1 1412,785,1443,821,1 1561,621,1625,825,0 1395,472,1623,542,0 1144,1702,1307,1777,0 1274,1675,1328,1791,0 1098,1558,1232,1634,0
D:\浏览器下载\sagittaria_v1_voc/VOC2007/JPEGImages/81c8933f-1-2.rf.4d2544ded25b3945a315bcab22c07c58.jpg 1510,1070,1594,1203,0 833,1164,857,1193,1 797,1156,824,1191,1
D:\浏览器下载\sagittaria_v1_voc/VOC2007/JPEGImages/81c8933f-1-2.rf.6d962b7c09c7dc48d7670f9f343b3357.jpg 1510,1070,1594,1203,0 833,1164,857,1193,1 797,1156,824,1191,1
D:\浏览器下载\sagittaria_v1_voc/VOC2007/JPEGImages/81c8933f-1-2_jpg.rf.4304f72679d523dc8f689f6fdb48f14c.jpg 1510,1070,1594,1203,0 833,1164,857,1193,1 797,1156,824,1191,1
D:\浏览器下载\sagittaria_v1_voc/VOC2007/JPEGImages/81c8933f-1-2_jpg.rf.6784357b7ac8610956b9d36bcd8b448b.jpg 1510,1070,1594,1203,0 833,1164,857,1193,1 797,1156,824,1191,1
D:\浏览器下载\sagittaria_v1_voc/VOC2007/JPEGImages/81c8933f-1-2_jpg.rf.96de7462079ca50e7bde516b702a3edd.jpg 1510,1070,1594,1203,0 833,1164,857,1193,1 797,1156,824,1191,1
D:\浏览器下载\sagittaria_v1_voc/VOC2007/JPEGImages/854f6ed1-1-1.rf.2011b69fceb41080c640955d6e9aa2fe.jpg 367,1246,468,1373,0 1575,959,1775,1077,0 416,1256,434,1276,1 401,1273,423,1291,1 670,932,764,1035,0
D:\浏览器下载\sagittaria_v1_voc/VOC2007/JPEGImages/854f6ed1-1-1.rf.3022753ac9e6c07eba096a5f8c4ac01c.jpg 367,1246,468,1373,0 1575,959,1775,1077,0 416,1256,434,1276,1 401,1273,423,1291,1 670,932,764,1035,0
D:\浏览器下载\sagittaria_v1_voc/VOC2007/JPEGImages/854f6ed1-1-1.rf.818462148bcebaa446af256f5e3bfa86.jpg 367,1246,468,1373,0 1575,959,1775,1077,0 416,1256,434,1276,1 401,1273,423,1291,1 670,932,764,1035,0
D:\浏览器下载\sagittaria_v1_voc/VOC2007/JPEGImages/98432e7e-0-0.rf.4ffab92e344ad52951de1774e846cea7.jpg 1501,645,1567,693,0 1598,650,1641,723,0 1625,611,1678,662,0 1513,540,1630,657,0 1316,424,1421,511,0 1611,1564,1778,1627,0 1599,1549,1766,1648,0 1737,1700,1760,1731,1
D:\浏览器下载\sagittaria_v1_voc/VOC2007/JPEGImages/98432e7e-0-0.rf.9ba08cf133b4ad9db3b4833e1ceb0604.jpg 1501,645,1567,693,0 1598,650,1641,723,0 1625,611,1678,662,0 1513,540,1630,657,0 1316,424,1421,511,0 1611,1564,1778,1627,0 1599,1549,1766,1648,0 1737,1700,1760,1731,1
D:\浏览器下载\sagittaria_v1_voc/VOC2007/JPEGImages/98432e7e-0-0.rf.dc1aa4105c4b22eb45c6540a8a074992.jpg 1501,645,1567,693,0 1598,650,1641,723,0 1625,611,1678,662,0 1513,540,1630,657,0 1316,424,1421,511,0 1611,1564,1778,1627,0 1599,1549,1766,1648,0 1737,1700,1760,1731,1
D:\浏览器下载\sagittaria_v1_voc/VOC2007/JPEGImages/98432e7e-0-0_jpg.rf.089e619faf0f07b2c60af40d030c0657.jpg 1501,645,1567,693,0 1598,650,1641,723,0 1625,611,1678,662,0 1513,540,1630,657,0 1316,424,1421,511,0 1611,1564,1778,1627,0 1599,1549,1766,1648,0 1737,1700,1760,1731,1
D:\浏览器下载\sagittaria_v1_voc/VOC2007/JPEGImages/98432e7e-0-0_jpg.rf.6cbffe80803ab862ceed532206297deb.jpg 1501,645,1567,693,0 1598,650,1641,723,0 1625,611,1678,662,0 1513,540,1630,657,0 1316,424,1421,511,0 1611,1564,1778,1627,0 1599,1549,1766,1648,0 1737,1700,1760,1731,1
D:\浏览器下载\sagittaria_v1_voc/VOC2007/JPEGImages/98432e7e-0-0_jpg.rf.b07f8d771e7edcd6009394e9574544db.jpg 1501,645,1567,693,0 1598,650,1641,723,0 1625,611,1678,662,0 1513,540,1630,657,0 1316,424,1421,511,0 1611,1564,1778,1627,0 1599,1549,1766,1648,0 1737,1700,1760,1731,1
D:\浏览器下载\sagittaria_v1_voc/VOC2007/JPEGImages/9dc71e35-0-2.rf.4cf335d7d07abd6d48c06b2a49151ec6.jpg 1516,903,1631,1052,0 1456,813,1611,974,0 1301,821,1381,959,0 1440,718,1550,771,0 1509,1005,1548,1036,1
D:\浏览器下载\sagittaria_v1_voc/VOC2007/JPEGImages/9dc71e35-0-2.rf.d7f703c8c6233ded45e80d38e13cad47.jpg 1516,903,1631,1052,0 1456,813,1611,974,0 1301,821,1381,959,0 1440,718,1550,771,0 1509,1005,1548,1036,1
D:\浏览器下载\sagittaria_v1_voc/VOC2007/JPEGImages/9dc71e35-0-2_jpg.rf.364a98954f1b51540ccc797195498450.jpg 1516,903,1631,1052,0 1456,813,1611,974,0 1301,821,1381,959,0 1440,718,1550,771,0 1509,1005,1548,1036,1
D:\浏览器下载\sagittaria_v1_voc/VOC2007/JPEGImages/9dc71e35-0-2_jpg.rf.e1b240eff4fb5ea8ca7092b09ff837e3.jpg 1516,903,1631,1052,0 1456,813,1611,974,0 1301,821,1381,959,0 1440,718,1550,771,0 1509,1005,1548,1036,1
D:\浏览器下载\sagittaria_v1_voc/VOC2007/JPEGImages/9dc71e35-0-2_jpg.rf.fd82c9e608a710410192171705e90d31.jpg 1516,903,1631,1052,0 1456,813,1611,974,0 1301,821,1381,959,0 1440,718,1550,771,0 1509,1005,1548,1036,1
D:\浏览器下载\sagittaria_v1_voc/VOC2007/JPEGImages/9dc71e35-1-0_jpg.rf.8e1ac9d23cee510bad9448effadb0530.jpg 1657,547,1807,642,0 1507,278,1648,407,0 1574,261,1758,354,0 1642,615,1751,731,0
D:\浏览器下载\sagittaria_v1_voc/VOC2007/JPEGImages/9dc71e35-1-0_jpg.rf.a9f13cba8a843f50b79821cdee5f2406.jpg 1657,547,1807,642,0 1507,278,1648,407,0 1574,261,1758,354,0 1642,615,1751,731,0
D:\浏览器下载\sagittaria_v1_voc/VOC2007/JPEGImages/9dc71e35-1-1.rf.1863a41dc14bcd64c85fec1623e1c934.jpg 509,1717,677,1809,0 4,219,104,279,0 571,1732,614,1768,1
D:\浏览器下载\sagittaria_v1_voc/VOC2007/JPEGImages/9dc71e35-1-1.rf.31ef488f8be033b38760a7abb3cc76e9.jpg 509,1717,677,1809,0 4,219,104,279,0 571,1732,614,1768,1
D:\浏览器下载\sagittaria_v1_voc/VOC2007/JPEGImages/9dc71e35-1-1_jpg.rf.1ec3a98e2012f894a6458892a82a8d65.jpg 509,1717,677,1809,0 4,219,104,279,0 571,1732,614,1768,1
D:\浏览器下载\sagittaria_v1_voc/VOC2007/JPEGImages/9dc71e35-1-1_jpg.rf.78d65edd829580708e64cc4fd94c938a.jpg 509,1717,677,1809,0 4,219,104,279,0 571,1732,614,1768,1
D:\浏览器下载\sagittaria_v1_voc/VOC2007/JPEGImages/9dc71e35-1-1_jpg.rf.9a09fde8fcf100ebddf349883a67fca2.jpg 509,1717,677,1809,0 4,219,104,279,0 571,1732,614,1768,1
D:\浏览器下载\sagittaria_v1_voc/VOC2007/JPEGImages/ab663bcd-1-2.rf.787ff60d407f19d90d59b3a5bf07de54.jpg 170,188,296,269,0 611,1357,915,1578,0 255,217,294,253,1 927,1107,978,1163,1
D:\浏览器下载\sagittaria_v1_voc/VOC2007/JPEGImages/ab663bcd-1-2_jpg.rf.bfa2e0d31e051ec9d66f5d5b0685e18c.jpg 170,188,296,269,0 611,1357,915,1578,0 255,217,294,253,1 927,1107,978,1163,1
D:\浏览器下载\sagittaria_v1_voc/VOC2007/JPEGImages/ab663bcd-1-2_jpg.rf.e776ac70925fc677cf1e93bd75dc1876.jpg 170,188,296,269,0 611,1357,915,1578,0 255,217,294,253,1 927,1107,978,1163,1
D:\浏览器下载\sagittaria_v1_voc/VOC2007/JPEGImages/ab663bcd-1-2_jpg.rf.f67d146c994ddd758444527ee2158759.jpg 170,188,296,269,0 611,1357,915,1578,0 255,217,294,253,1 927,1107,978,1163,1
D:\浏览器下载\sagittaria_v1_voc/VOC2007/JPEGImages/bda1577f-0-0.rf.2f19e7784be22683ce81aea81635844a.jpg 1007,610,1068,672,0 1531,337,1641,426,0 1061,1028,1160,1167,0 1322,954,1354,991,1
D:\浏览器下载\sagittaria_v1_voc/VOC2007/JPEGImages/bda1577f-0-0.rf.c192afcd7689cd3e108e8b243f507a34.jpg 1007,610,1068,672,0 1531,337,1641,426,0 1061,1028,1160,1167,0 1322,954,1354,991,1
D:\浏览器下载\sagittaria_v1_voc/VOC2007/JPEGImages/bda1577f-0-0_jpg.rf.b71710392e14e53c2609b927aad760e1.jpg 1007,610,1068,672,0 1531,337,1641,426,0 1061,1028,1160,1167,0 1322,954,1354,991,1
D:\浏览器下载\sagittaria_v1_voc/VOC2007/JPEGImages/bda1577f-0-0_jpg.rf.d594570e8a1163426630333d876d502f.jpg 1007,610,1068,672,0 1531,337,1641,426,0 1061,1028,1160,1167,0 1322,954,1354,991,1
D:\浏览器下载\sagittaria_v1_voc/VOC2007/JPEGImages/bda1577f-0-1.rf.95baf856c3bf67d3aa9af23e6156e01f.jpg 821,835,1069,1007,0 892,1233,1166,1373,0 1168,1274,1369,1326,0 1248,1205,1439,1433,0 393,1010,634,1149,0 956,839,1001,881,1 1059,610,1096,660,1 1184,1446,1215,1478,1
D:\浏览器下载\sagittaria_v1_voc/VOC2007/JPEGImages/bda1577f-0-1.rf.bf6e3b282dd9ad680d86a631062de508.jpg 821,835,1069,1007,0 892,1233,1166,1373,0 1168,1274,1369,1326,0 1248,1205,1439,1433,0 393,1010,634,1149,0 956,839,1001,881,1 1059,610,1096,660,1 1184,1446,1215,1478,1
D:\浏览器下载\sagittaria_v1_voc/VOC2007/JPEGImages/bda1577f-0-1.rf.db9d3aec7d9b50683deb6a4974032940.jpg 821,835,1069,1007,0 892,1233,1166,1373,0 1168,1274,1369,1326,0 1248,1205,1439,1433,0 393,1010,634,1149,0 956,839,1001,881,1 1059,610,1096,660,1 1184,1446,1215,1478,1
D:\浏览器下载\sagittaria_v1_voc/VOC2007/JPEGImages/bda1577f-0-1_jpg.rf.451e6b95e2edf15d2e907492d048aa6d.jpg 821,835,1069,1007,0 892,1233,1166,1373,0 1168,1274,1369,1326,0 1248,1205,1439,1433,0 393,1010,634,1149,0 956,839,1001,881,1 1059,610,1096,660,1 1184,1446,1215,1478,1
D:\浏览器下载\sagittaria_v1_voc/VOC2007/JPEGImages/bda1577f-0-1_jpg.rf.490322c8af7bef8866bf669ee6d87e93.jpg 821,835,1069,1007,0 892,1233,1166,1373,0 1168,1274,1369,1326,0 1248,1205,1439,1433,0 393,1010,634,1149,0 956,839,1001,881,1 1059,610,1096,660,1 1184,1446,1215,1478,1
D:\浏览器下载\sagittaria_v1_voc/VOC2007/JPEGImages/bda1577f-0-1_jpg.rf.9a8907872e94264e4013608c86c145aa.jpg 821,835,1069,1007,0 892,1233,1166,1373,0 1168,1274,1369,1326,0 1248,1205,1439,1433,0 393,1010,634,1149,0 956,839,1001,881,1 1059,610,1096,660,1 1184,1446,1215,1478,1
D:\浏览器下载\sagittaria_v1_voc/VOC2007/JPEGImages/bda1577f-1-0.rf.b263a86f9473f78850cb95707705ac0c.jpg 1282,1122,1321,1156,1 1223,1209,1255,1246,1 1800,927,1823,969,1 1394,1494,1469,1588,0
D:\浏览器下载\sagittaria_v1_voc/VOC2007/JPEGImages/bda1577f-1-0.rf.f2266ee788781feedf486e54e7ebc16d.jpg 1282,1122,1321,1156,1 1223,1209,1255,1246,1 1800,927,1823,969,1 1394,1494,1469,1588,0
D:\浏览器下载\sagittaria_v1_voc/VOC2007/JPEGImages/bda1577f-1-0_jpg.rf.0d28d42b4dff81d3034db4242dd6994a.jpg 1282,1122,1321,1156,1 1223,1209,1255,1246,1 1800,927,1823,969,1 1394,1494,1469,1588,0
D:\浏览器下载\sagittaria_v1_voc/VOC2007/JPEGImages/bda1577f-1-0_jpg.rf.26fba8fb96f3821cf5096492da6ad500.jpg 1282,1122,1321,1156,1 1223,1209,1255,1246,1 1800,927,1823,969,1 1394,1494,1469,1588,0
D:\浏览器下载\sagittaria_v1_voc/VOC2007/JPEGImages/bda1577f-1-0_jpg.rf.b0b994133799142fcb5b1650c1f05962.jpg 1282,1122,1321,1156,1 1223,1209,1255,1246,1 1800,927,1823,969,1 1394,1494,1469,1588,0
D:\浏览器下载\sagittaria_v1_voc/VOC2007/JPEGImages/bda1577f-1-1.rf.e23504b2e29e6f3d4c3cbe1524572f2c.jpg 1103,418,1226,568,0 1035,646,1066,674,1 1063,645,1096,675,1 1085,606,1111,631,1
D:\浏览器下载\sagittaria_v1_voc/VOC2007/JPEGImages/bda1577f-1-1_jpg.rf.41519391e54ed9e4ad4d5796c6eac38b.jpg 1103,418,1226,568,0 1035,646,1066,674,1 1063,645,1096,675,1 1085,606,1111,631,1
D:\浏览器下载\sagittaria_v1_voc/VOC2007/JPEGImages/bda1577f-1-1_jpg.rf.57e5256ca7cc7c40d71282941d9c62ef.jpg 1103,418,1226,568,0 1035,646,1066,674,1 1063,645,1096,675,1 1085,606,1111,631,1
D:\浏览器下载\sagittaria_v1_voc/VOC2007/JPEGImages/bda1577f-1-1_jpg.rf.81d186c4d801f8affb31466381fda128.jpg 1103,418,1226,568,0 1035,646,1066,674,1 1063,645,1096,675,1 1085,606,1111,631,1
D:\浏览器下载\sagittaria_v1_voc/VOC2007/JPEGImages/cbee3073-0-2.rf.0c63b6456bfb41cc93ef19fe7626a483.jpg 726,1493,779,1544,1
D:\浏览器下载\sagittaria_v1_voc/VOC2007/JPEGImages/cbee3073-0-2.rf.5dfdb1e67e0467caafed5c088c99a555.jpg 726,1493,779,1544,1
D:\浏览器下载\sagittaria_v1_voc/VOC2007/JPEGImages/cbee3073-0-2.rf.7c2cf0400cdb2d87f646337ed1dc2415.jpg 726,1493,779,1544,1
D:\浏览器下载\sagittaria_v1_voc/VOC2007/JPEGImages/cbee3073-0-2_jpg.rf.7eec1da5b3b6d98e20dbb154a628186d.jpg 726,1493,779,1544,1
D:\浏览器下载\sagittaria_v1_voc/VOC2007/JPEGImages/cee06628-0-2.rf.0f8720de94141d2a9706dde47098f3ad.jpg 518,1256,668,1389,0 618,1318,757,1466,0 1042,1594,1162,1774,0 1335,272,1501,483,0 375,1282,475,1438,0 493,1145,600,1201,0 516,1078,611,1158,0 620,1431,668,1473,1 962,1715,992,1743,1 1762,970,1797,997,1 1786,877,1808,898,1
D:\浏览器下载\sagittaria_v1_voc/VOC2007/JPEGImages/cee06628-0-2_jpg.rf.83891baf8683a52e15f1aacf6f7269bb.jpg 518,1256,668,1389,0 618,1318,757,1466,0 1042,1594,1162,1774,0 1335,272,1501,483,0 375,1282,475,1438,0 493,1145,600,1201,0 516,1078,611,1158,0 620,1431,668,1473,1 962,1715,992,1743,1 1762,970,1797,997,1 1786,877,1808,898,1
D:\浏览器下载\sagittaria_v1_voc/VOC2007/JPEGImages/cee06628-0-2_jpg.rf.cff7033a95732aabe972d363e448fcdb.jpg 518,1256,668,1389,0 618,1318,757,1466,0 1042,1594,1162,1774,0 1335,272,1501,483,0 375,1282,475,1438,0 493,1145,600,1201,0 516,1078,611,1158,0 620,1431,668,1473,1 962,1715,992,1743,1 1762,970,1797,997,1 1786,877,1808,898,1
D:\浏览器下载\sagittaria_v1_voc/VOC2007/JPEGImages/cee06628-1-0.rf.900d9b352ea2b4180600784e1fe249d3.jpg 943,1704,1135,1777,0 1019,1441,1133,1510,0 1050,1334,1141,1403,0 704,1463,858,1637,0
D:\浏览器下载\sagittaria_v1_voc/VOC2007/JPEGImages/cee06628-1-0_jpg.rf.02cd61954fe8a13b188e24640eda43bd.jpg 943,1704,1135,1777,0 1019,1441,1133,1510,0 1050,1334,1141,1403,0 704,1463,858,1637,0
D:\浏览器下载\sagittaria_v1_voc/VOC2007/JPEGImages/cee06628-1-0_jpg.rf.1749be257d66c8f1ffaa24ee67931dbc.jpg 943,1704,1135,1777,0 1019,1441,1133,1510,0 1050,1334,1141,1403,0 704,1463,858,1637,0
D:\浏览器下载\sagittaria_v1_voc/VOC2007/JPEGImages/cee06628-1-0_jpg.rf.fe7edafb1d0b2ee735c3da67bb83bcef.jpg 943,1704,1135,1777,0 1019,1441,1133,1510,0 1050,1334,1141,1403,0 704,1463,858,1637,0
D:\浏览器下载\sagittaria_v1_voc/VOC2007/JPEGImages/db0aced9-0-1.rf.b5c69a88b85329c39557b979ed238232.jpg 602,1171,631,1201,1
D:\浏览器下载\sagittaria_v1_voc/VOC2007/JPEGImages/db0aced9-0-1.rf.d270ac81da09a9a6296939e2ebc30f6e.jpg 602,1171,631,1201,1
D:\浏览器下载\sagittaria_v1_voc/VOC2007/JPEGImages/db0aced9-0-1.rf.f2e937d4cd3c46a649c7491492a83f3b.jpg 602,1171,631,1201,1
D:\浏览器下载\sagittaria_v1_voc/VOC2007/JPEGImages/db0aced9-0-1_jpg.rf.a73ae32c8aec063cf637055dabf0a8a0.jpg 602,1171,631,1201,1
D:\浏览器下载\sagittaria_v1_voc/VOC2007/JPEGImages/db0aced9-0-1_jpg.rf.d5913f00c39ad8e1caf6b6a936f8be52.jpg 602,1171,631,1201,1
D:\浏览器下载\sagittaria_v1_voc/VOC2007/JPEGImages/db0aced9-0-1_jpg.rf.f5b9455ab433741e185a97b0a546a848.jpg 602,1171,631,1201,1
D:\浏览器下载\sagittaria_v1_voc/VOC2007/JPEGImages/db0aced9-1-2.rf.375381206081623117c4f7ba34ceac96.jpg 603,1189,860,1418,0 651,991,920,1118,0 630,1245,663,1287,1 691,1304,721,1335,1 863,1143,903,1185,1 880,996,933,1053,1 866,902,910,933,1
D:\浏览器下载\sagittaria_v1_voc/VOC2007/JPEGImages/db0aced9-1-2.rf.632f62e280190af773a4cfbf8f0ab3cf.jpg 603,1189,860,1418,0 651,991,920,1118,0 630,1245,663,1287,1 691,1304,721,1335,1 863,1143,903,1185,1 880,996,933,1053,1 866,902,910,933,1
D:\浏览器下载\sagittaria_v1_voc/VOC2007/JPEGImages/db0aced9-1-2_jpg.rf.01acce2feeafc25eec97299f0250cdff.jpg 603,1189,860,1418,0 651,991,920,1118,0 630,1245,663,1287,1 691,1304,721,1335,1 863,1143,903,1185,1 880,996,933,1053,1 866,902,910,933,1
D:\浏览器下载\sagittaria_v1_voc/VOC2007/JPEGImages/db0aced9-1-2_jpg.rf.145f732f6befec912d4462c5e80d7520.jpg 603,1189,860,1418,0 651,991,920,1118,0 630,1245,663,1287,1 691,1304,721,1335,1 863,1143,903,1185,1 880,996,933,1053,1 866,902,910,933,1
D:\浏览器下载\sagittaria_v1_voc/VOC2007/JPEGImages/db0aced9-1-2_jpg.rf.2aaa1108395a449957ae9d5233fd7bf2.jpg 603,1189,860,1418,0 651,991,920,1118,0 630,1245,663,1287,1 691,1304,721,1335,1 863,1143,903,1185,1 880,996,933,1053,1 866,902,910,933,1
D:\浏览器下载\sagittaria_v1_voc/VOC2007/JPEGImages/df9fa45f-0-0.rf.680f66fc8f4374fe3c4510da4f2e2c29.jpg 1607,1018,1784,1152,0 1549,1083,1734,1246,0 1782,2,1817,45,0 766,1068,866,1168,0 1683,1155,1719,1205,1 1690,1032,1726,1063,1 1674,1055,1697,1086,1 1791,1705,1817,1737,1
D:\浏览器下载\sagittaria_v1_voc/VOC2007/JPEGImages/df9fa45f-0-0.rf.c8f50d351a1a13848dcadd009ed75b9d.jpg 1607,1018,1784,1152,0 1549,1083,1734,1246,0 1782,2,1817,45,0 766,1068,866,1168,0 1683,1155,1719,1205,1 1690,1032,1726,1063,1 1674,1055,1697,1086,1 1791,1705,1817,1737,1
D:\浏览器下载\sagittaria_v1_voc/VOC2007/JPEGImages/df9fa45f-0-0.rf.f3fc671675ff02f99401a78e0285a370.jpg 1607,1018,1784,1152,0 1549,1083,1734,1246,0 1782,2,1817,45,0 766,1068,866,1168,0 1683,1155,1719,1205,1 1690,1032,1726,1063,1 1674,1055,1697,1086,1 1791,1705,1817,1737,1
D:\浏览器下载\sagittaria_v1_voc/VOC2007/JPEGImages/df9fa45f-0-0_jpg.rf.2e1cf885bdb4906f1cac435bb50bbd2c.jpg 1607,1018,1784,1152,0 1549,1083,1734,1246,0 1782,2,1817,45,0 766,1068,866,1168,0 1683,1155,1719,1205,1 1690,1032,1726,1063,1 1674,1055,1697,1086,1 1791,1705,1817,1737,1
D:\浏览器下载\sagittaria_v1_voc/VOC2007/JPEGImages/df9fa45f-0-0_jpg.rf.bc776454b74869a8f889b6ddb79b71c6.jpg 1607,1018,1784,1152,0 1549,1083,1734,1246,0 1782,2,1817,45,0 766,1068,866,1168,0 1683,1155,1719,1205,1 1690,1032,1726,1063,1 1674,1055,1697,1086,1 1791,1705,1817,1737,1
D:\浏览器下载\sagittaria_v1_voc/VOC2007/JPEGImages/df9fa45f-1-0.rf.258fc77b71991b87440ef992e37d4abc.jpg 867,1273,1083,1390,0 895,581,993,669,0 853,501,926,593,0 1047,1339,1081,1397,1
D:\浏览器下载\sagittaria_v1_voc/VOC2007/JPEGImages/df9fa45f-1-0.rf.b2747a8928df3a6f4264b702b389b151.jpg 867,1273,1083,1390,0 895,581,993,669,0 853,501,926,593,0 1047,1339,1081,1397,1
D:\浏览器下载\sagittaria_v1_voc/VOC2007/JPEGImages/df9fa45f-1-0.rf.c70c3718b9e92406d967f3699ff0ae3d.jpg 867,1273,1083,1390,0 895,581,993,669,0 853,501,926,593,0 1047,1339,1081,1397,1
D:\浏览器下载\sagittaria_v1_voc/VOC2007/JPEGImages/df9fa45f-1-0_jpg.rf.7ea750969ae3611d820005ae2f69694c.jpg 867,1273,1083,1390,0 895,581,993,669,0 853,501,926,593,0 1047,1339,1081,1397,1
D:\浏览器下载\sagittaria_v1_voc/VOC2007/JPEGImages/df9fa45f-1-0_jpg.rf.8406ba51e5adaea96546e066cf4f2c9a.jpg 867,1273,1083,1390,0 895,581,993,669,0 853,501,926,593,0 1047,1339,1081,1397,1
D:\浏览器下载\sagittaria_v1_voc/VOC2007/JPEGImages/f12b0609-0-0.rf.48c33a57a9e555fd764314567c221651.jpg 1562,202,1689,408,0 1654,372,1690,437,1
D:\浏览器下载\sagittaria_v1_voc/VOC2007/JPEGImages/f12b0609-0-0_jpg.rf.08d86cfa43bc64dbb7c639663f7718e5.jpg 1562,202,1689,408,0 1654,372,1690,437,1
D:\浏览器下载\sagittaria_v1_voc/VOC2007/JPEGImages/f12b0609-0-0_jpg.rf.5bfd4b79ac1e6bb55e2098f2f97eaa2e.jpg 1562,202,1689,408,0 1654,372,1690,437,1
D:\浏览器下载\sagittaria_v1_voc/VOC2007/JPEGImages/f12b0609-0-0_jpg.rf.9bfa171b147b9213e36406837948e101.jpg 1562,202,1689,408,0 1654,372,1690,437,1
D:\浏览器下载\sagittaria_v1_voc/VOC2007/JPEGImages/f12b0609-0-1.rf.340d03a211839af6ad18521b344623f0.jpg 1006,1673,1174,1733,0 1151,1657,1216,1822,0 824,1616,983,1819,0 973,1650,1115,1821,0 777,1639,879,1727,0 761,1585,792,1621,1 767,1620,801,1644,1 833,1626,865,1650,1 810,1640,829,1669,1 822,1645,850,1674,1
D:\浏览器下载\sagittaria_v1_voc/VOC2007/JPEGImages/f12b0609-0-1.rf.440c9b8bd9c3e95cadb2bdb9ba3b61fd.jpg 1006,1673,1174,1733,0 1151,1657,1216,1822,0 824,1616,983,1819,0 973,1650,1115,1821,0 777,1639,879,1727,0 761,1585,792,1621,1 767,1620,801,1644,1 833,1626,865,1650,1 810,1640,829,1669,1 822,1645,850,1674,1
D:\浏览器下载\sagittaria_v1_voc/VOC2007/JPEGImages/f12b0609-0-1.rf.7b0e3061c1eea700ee93405021596fed.jpg 1006,1673,1174,1733,0 1151,1657,1216,1822,0 824,1616,983,1819,0 973,1650,1115,1821,0 777,1639,879,1727,0 761,1585,792,1621,1 767,1620,801,1644,1 833,1626,865,1650,1 810,1640,829,1669,1 822,1645,850,1674,1
D:\浏览器下载\sagittaria_v1_voc/VOC2007/JPEGImages/f12b0609-0-1_jpg.rf.6a35cba33f61938613cc58aadbe33343.jpg 1006,1673,1174,1733,0 1151,1657,1216,1822,0 824,1616,983,1819,0 973,1650,1115,1821,0 777,1639,879,1727,0 761,1585,792,1621,1 767,1620,801,1644,1 833,1626,865,1650,1 810,1640,829,1669,1 822,1645,850,1674,1
D:\浏览器下载\sagittaria_v1_voc/VOC2007/JPEGImages/f12b0609-0-1_jpg.rf.c73e506b5261a31d0a0387deab62d4e8.jpg 1006,1673,1174,1733,0 1151,1657,1216,1822,0 824,1616,983,1819,0 973,1650,1115,1821,0 777,1639,879,1727,0 761,1585,792,1621,1 767,1620,801,1644,1 833,1626,865,1650,1 810,1640,829,1669,1 822,1645,850,1674,1
D:\浏览器下载\sagittaria_v1_voc/VOC2007/JPEGImages/f12b0609-0-1_jpg.rf.e7edfb15323851dc4f1a993f97937f15.jpg 1006,1673,1174,1733,0 1151,1657,1216,1822,0 824,1616,983,1819,0 973,1650,1115,1821,0 777,1639,879,1727,0 761,1585,792,1621,1 767,1620,801,1644,1 833,1626,865,1650,1 810,1640,829,1669,1 822,1645,850,1674,1
D:\浏览器下载\sagittaria_v1_voc/VOC2007/JPEGImages/f12b0609-1-0.rf.13ecc0ec06a7e7d169bfef856663487e.jpg 1315,535,1435,598,0 1469,925,1595,1054,0 1541,883,1626,998,0 1623,1108,1720,1181,0 1563,1083,1628,1166,0 1603,1201,1628,1237,1
D:\浏览器下载\sagittaria_v1_voc/VOC2007/JPEGImages/f12b0609-1-0.rf.43bc2b9640a1d902535ebdcc2c998d8a.jpg 1315,535,1435,598,0 1469,925,1595,1054,0 1541,883,1626,998,0 1623,1108,1720,1181,0 1563,1083,1628,1166,0 1603,1201,1628,1237,1
D:\浏览器下载\sagittaria_v1_voc/VOC2007/JPEGImages/f12b0609-1-0.rf.74794233ac16ebce23f67693d0517de1.jpg 1315,535,1435,598,0 1469,925,1595,1054,0 1541,883,1626,998,0 1623,1108,1720,1181,0 1563,1083,1628,1166,0 1603,1201,1628,1237,1
D:\浏览器下载\sagittaria_v1_voc/VOC2007/JPEGImages/f12b0609-1-0_jpg.rf.519be3c08f53986d462764baa0c2586f.jpg 1315,535,1435,598,0 1469,925,1595,1054,0 1541,883,1626,998,0 1623,1108,1720,1181,0 1563,1083,1628,1166,0 1603,1201,1628,1237,1
D:\浏览器下载\sagittaria_v1_voc/VOC2007/JPEGImages/f12b0609-1-0_jpg.rf.5ab4004c42258a16f925c105d484945b.jpg 1315,535,1435,598,0 1469,925,1595,1054,0 1541,883,1626,998,0 1623,1108,1720,1181,0 1563,1083,1628,1166,0 1603,1201,1628,1237,1
D:\浏览器下载\sagittaria_v1_voc/VOC2007/JPEGImages/f12b0609-1-0_jpg.rf.6a598eca159c0bf5a30868a060a9b6cf.jpg 1315,535,1435,598,0 1469,925,1595,1054,0 1541,883,1626,998,0 1623,1108,1720,1181,0 1563,1083,1628,1166,0 1603,1201,1628,1237,1
D:\浏览器下载\sagittaria_v1_voc/VOC2007/JPEGImages/f12b0609-1-1.rf.156bc9977d12228f08f1bb24ffdb3a3f.jpg 282,517,431,720,0 295,738,359,778,1 1146,56,1181,112,1 1777,1483,1803,1512,1 1777,1512,1810,1538,1
D:\浏览器下载\sagittaria_v1_voc/VOC2007/JPEGImages/f12b0609-1-1.rf.2d4ef4cad7465cf6dd839d3f24a1e2d3.jpg 282,517,431,720,0 295,738,359,778,1 1146,56,1181,112,1 1777,1483,1803,1512,1 1777,1512,1810,1538,1
D:\浏览器下载\sagittaria_v1_voc/VOC2007/JPEGImages/f12b0609-1-1.rf.ebf58ee7adf3afcb3b2ee9c6e0736a57.jpg 282,517,431,720,0 295,738,359,778,1 1146,56,1181,112,1 1777,1483,1803,1512,1 1777,1512,1810,1538,1
D:\浏览器下载\sagittaria_v1_voc/VOC2007/JPEGImages/f12b0609-1-1_jpg.rf.7952df67aa24ad865e037a6a681e6411.jpg 282,517,431,720,0 295,738,359,778,1 1146,56,1181,112,1 1777,1483,1803,1512,1 1777,1512,1810,1538,1
D:\浏览器下载\sagittaria_v1_voc/VOC2007/JPEGImages/f12b0609-1-1_jpg.rf.c2dc26070361d8067010e4c31ab7f42d.jpg 282,517,431,720,0 295,738,359,778,1 1146,56,1181,112,1 1777,1483,1803,1512,1 1777,1512,1810,1538,1
